-4.760355280435957931e-02
-1.988948786112778588e-01
6.288840786632027280e-02
3.786322361640349632e-01
-3.180155840627485464e-01
-4.552238197982158563e-01
2.671064164907180905e-01
1.616839212451209318e-01
-6.664424296889201460e-02
-4.080894981733473870e-01
2.175753655236679074e-01
-5.482569174181229910e-01
-2.752920103173288613e-01
-5.231601069770557277e-01
-5.942467882114258471e-01
-2.411204809897269652e-01
-1.427024057259939083e-01
9.252155587778232437e-02
4.919857292834226015e-01
1.101085917603198822e-01
5.166730748316956251e-02
-4.017259415897220798e-01
-1.205884853714842692e-01
-1.020238899076779809e-01
2.166396761136967636e-02
1.880096050565099874e-01
1.021477214520350070e-02
-2.772579720883846521e-01
-5.268287605950089381e-02
-2.027392773257154779e-01
-2.623799918128653097e-01
4.704853775254414505e-01
-3.235448293815250120e-01
-7.252590348983230240e-02
-7.754685016047502266e-02
-2.945468330994406858e-01
-1.316767656708682788e-01
8.033314457771374706e-02
-2.342035057627316896e-01
-9.760335749526752314e-02
-3.773971304294517770e-01
9.878965140790381058e-03
-4.201638573904091789e-01
-8.881595804673979300e-02
-3.598548573692900709e-01
4.040774430166002573e-01
-1.422531504275938163e-01
-9.853721265150836017e-02
-2.891087502895374195e-01
2.523918981416252150e-01
