4.703254644788130712e-01
3.163805611525020711e-01
-5.305458817875700894e-02
-9.971440041669021870e-01
9.466189888939482988e-02
1.199068636796731591e+00
-5.316522482703963659e-01
4.945596511099962789e-01
4.112531200942110554e-01
1.731315657201358826e-01
-8.119107018036778589e-01
1.108959562665270404e+00
2.873010792333203015e-02
5.316976265872845608e-02
9.683906674173256568e-02
3.267336470896158862e-01
4.394107005456887594e-01
2.735804037742878281e-01
1.512525309098835258e-01
1.644414672854543902e-01
2.236222698484058025e-01
-3.470413465796704511e-01
-1.262760265713239294e+00
2.423912382175480995e-01
-4.887993148870768689e-02
9.566655237120197386e-02
7.584645670669319939e-01
-3.369975585565727072e-01
-5.097586768683150249e-02
1.072794065125152324e-01
7.900023596665636250e-01
2.861439309434745226e+00
4.214904004196239895e-01
3.267769453706531602e-01
8.973665291755336670e-02
2.649905946697763692e-01
-2.052942843191237765e-01
-7.455403177422208205e-02
2.584672209280005073e-01
1.891795578933286315e-01
3.754754182146479713e-01
3.763808930384610618e-01
-6.897368754809024560e-02
-1.013971808821060722e-01
9.743503350590951850e-01
-3.527614793539227689e-01
6.210185014890274857e-01
2.860187009194134489e-01
2.825406547911942789e-01
6.935139516548476379e-01
