4.780131136041613216e-01 1.161357430167472421e-01 -6.117159284344071413e-01
6.268535595994303433e-01 -1.784595544132827061e-01 -4.315877405890053975e-01
-2.521227902944751520e-01 1.666119004647569624e-01 9.311553498733513012e-02
-2.931127154168968740e-01 7.368066474559725743e-02 2.170540186561622786e-01
7.123362883066677309e-01 -4.821129171369122890e-01 -2.348063694538939650e-01
9.936727649227045100e-01 1.313335283750894922e-01 -1.128600440359379231e+00
-5.984204980303705484e-02 -3.644196414894495216e-03 5.423402422585094779e-02
1.459554189374145106e-01 -9.073975482590186659e-02 -4.999998154132496292e-02
-2.122019244515128411e-01 9.595805012764611897e-02 1.243525600778774692e-01
3.316851043048062997e-01 -1.483018756121858017e-01 -1.874323151611462790e-01
8.200626091355196767e-02 1.571258437414397788e-02 -8.750445868355323509e-02
2.878897243817754026e-01 1.437733886229935754e-01 -4.454891489749581157e-01
6.716162238285670882e-02 -3.051498191503299734e-02 -3.669676451267975953e-02
-2.266061515981599994e-01 2.064088730514515857e-01 1.602519782907001547e-02
2.949835164780850172e-01 3.397124720147618460e-01 -6.299494691560306725e-01
-1.768728400523118804e-01 1.030840599840364968e-01 5.959882618960159195e-02
4.147733354118992022e-01 -6.046388753857376841e-01 1.937285896925371453e-01
-2.101604323213959180e-01 2.573034052002225180e-02 1.873746082264594881e-01
-8.650681832040412189e-01 3.794780884384750252e-01 4.841115879495997976e-01
-9.357631289208835634e-02 1.706338346158622621e-01 -7.643272992790885179e-02
-7.205192598377208046e-01 1.581787274057689097e-01 5.625669810770228541e-01
-3.703291680635972805e-01 -6.044333873595815086e-04 3.674549983870702974e-01
-1.608902396006391677e-01 3.704597270648201518e-02 1.060479730188769870e-01
2.129406605102919237e-01 4.513204929280946465e-02 -2.819803051220184931e-01
-1.990657027483020980e-01 -1.778357948356826257e-01 3.675760112779931088e-01
-1.024113324172965939e-01 -3.798259005149526302e-02 1.460193587301231999e-01
1.709980646555263051e-01 -6.772738601298287919e-02 -8.785259567490594224e-02
-2.104558864752172076e-01 4.042434941399979803e-02 1.803304070337586884e-01
-4.290463412729669454e-03 2.350132078497709498e-01 -2.221866826790211136e-01
-2.826502313620857798e-01 1.011117735871681772e-01 1.756548797748463397e-01
2.116186216307650025e-01 -9.851835500162592352e-02 -1.171839285251328328e-01
-2.012333789966405106e-01 1.358495554842277520e-01 8.284114460360735011e-02
1.174387306957469512e-01 -5.755518629816965687e-02 -5.323258835469741462e-02
-1.299556769655670074e-01 -8.655729362509660685e-02 2.293999453848474812e-01
-1.325475051603485777e-01 1.559004679646847358e-01 -3.850173922933217835e-02
6.628919271141962000e-01 -3.787144254947714672e-01 -2.886033696642228974e-01
-3.396014250212447960e-01 3.999421311882740415e-01 -6.765124597875045442e-02
2.316334740491526323e-01 -4.068917409200822899e-02 -1.908065262996097577e-01
2.812790227368318074e-01 -2.666288068639340869e-01 -1.076092233758426352e-02
-5.067287891663582178e-01 -1.501217753833625490e-01 6.482075146383119435e-01
-3.896574511850400130e-02 -9.381641864182292678e-02 1.108281164300872756e-01
5.856256182447939773e-01 -2.278842370239149151e-01 -3.638828513490136585e-01
-3.157725484700441010e-02 2.591716910383018990e-01 -2.224860824530517922e-01
3.174785540263587724e-01 -2.512956602566988606e-01 -6.880455058751448749e-02
2.142832531344339153e-01 -9.044080398379564234e-02 -1.131243629975815096e-01
-4.700830192002082297e-01 9.281219962775384691e-02 3.833028568086594978e-01
2.034282165882174420e-01 -1.635399199300513751e-01 -4.034898688511987658e-02
1.686797844817067848e-01 -1.548286915903462069e-01 -9.886375248267569027e-03
1.443404578026666607e-01 5.897607883646578675e-02 -2.113166559421466584e-01
9.031818802636508714e-01 -7.171173727254266383e-01 -1.956696595917414294e-01
